0|2
0|4
0|13
0|17
0|19
0|31
0|33
0|35
0|40
0|44
0|54
0|60
0|80
0|90
0|95
0|103
0|105
0|107
0|109
0|124
0|125
0|128
0|148
0|153
0|154
0|158
0|161
0|177
0|178
0|180
0|185
0|188
0|211
0|216
0|230
0|240
0|244
0|251
0|256
0|267
0|270
0|276
0|278
0|280
0|287
0|293
0|296
0|307
0|316
0|322
0|323
0|326
0|330
0|332
0|339
0|348
0|349
0|350
0|356
0|366
0|367
0|391
0|405
0|416
0|422
0|432
0|433
0|440
0|444
0|445
0|450
0|451
0|452
0|458
0|460
0|461
0|478
0|481
0|485
0|486
0|490
0|493
0|521
0|523
0|526
0|537
0|538
0|550
0|552
0|557
0|560
0|564
0|571
0|580
0|581
0|599
0|604
0|612
0|615
0|627
0|632
0|635
0|639
0|653
0|654
0|660
0|661
0|677
0|688
0|700
0|719
0|724
0|725
0|731
0|737
0|745
0|753
0|760
0|762
0|769
0|775
0|782
0|794
0|796
0|811
0|816
0|825
0|827
0|829
0|835
0|837
0|838
0|866
0|867
0|868
0|871
0|872
0|873
0|874
0|875
0|879
0|884
0|889
0|895
0|902
0|903
0|906
0|909
0|911
0|917
0|922
0|924
0|926
0|933
0|940
0|945
0|948
0|949
0|951
0|952
0|953
0|959
0|960
0|965
0|966
0|968
0|972
0|979
0|984
0|988
0|989
0|997
0|998
0|1002
0|1007
0|1009
0|1013
0|1016
0|1023
0|1032
0|1037
0|1041
0|1046
0|1049
0|1054
0|1056
0|1057
0|1061
0|1062
0|1066
0|1071
0|1074
0|1080
0|1082
0|1083
0|1084
0|1093
0|1096
0|1108
0|1118
0|1121
0|1122
0|1123
0|1126
0|1131
0|1135
0|1143
0|1145
0|1157
0|1163
0|1166
0|1170
0|1171
0|1176
0|1178
0|1179
0|1182
0|1188
0|1190
0|1192
0|1198
0|1199
0|1200
0|1207
0|1213
0|1214
0|1218
0|1220
0|1224
0|1225
0|1227
0|1241
0|1250
0|1252
0|1258
0|1263
0|1268
0|1274
0|1275
0|1280
0|1282
0|1284
0|1289
0|1296
0|1300
0|1305
0|1307
0|1308
0|1310
0|1316
0|1317
0|1322
0|1327
0|1330
0|1331
0|1334
0|1337
0|1349
0|1353
0|1357
0|1363
0|1366
0|1372
0|1374
0|1380
0|1388
0|1392
0|1404
0|1405
0|1410
0|1415
0|1425
0|1431
0|1437
0|1458
0|1463
0|1465
0|1468
0|1469
0|1478
0|1490
0|1497
0|1499
0|1505
0|1509
0|1526
0|1531
0|1533
0|1534
0|1540
0|1541
0|1547
0|1552
0|1564
0|1565
0|1573
0|1577
0|1585
0|1586
0|1591
0|1607
0|1618
0|1619
0|1623
0|1625
0|1630
0|1637
0|1642
0|1643
0|1648
0|1665
0|1667
0|1673
0|1707
0|1734
0|1736
0|1739
0|1740
0|1745
0|1748
0|1750
0|1768
0|1772
0|1782
0|1786
0|1788
0|1789
0|1796
0|1798
0|1810
0|1811
0|1814
0|1815
0|1818
0|1826
0|1846
0|1853
0|1856
0|1857
0|1860
0|1861
0|1862
0|1867
0|1868
0|1869
0|1870
0|1872
0|1874
0|1878
0|1884
0|1885
0|1887
0|1890
0|1891
0|1896
0|1900
0|1901
0|1908
0|1910
0|1915
0|1916
0|1919
0|1921
0|1925
0|1928
0|1935
0|1948
0|1955
0|1960
0|1965
0|1967
0|1970
0|1972
0|1977
0|1978
0|1979
0|1981
0|1982
0|1985
0|1986
0|1989
0|2001
0|2003
0|2004
0|2007
0|2013
0|2019
0|2024
0|2025
0|2026
0|2028
0|2032
0|2037
0|2039
0|2042
0|2047
0|2048
0|2052
0|2053
0|2055
0|2060
0|2061
0|2067
0|2069
0|2071
0|2079
0|2082
0|2088
0|2092
0|2095
0|2104
0|2108
0|2110
0|2111
0|2117
0|2120
0|2121
0|2126
0|2130
0|2132
0|2135
0|2140
0|2151
0|2166
0|2168
0|2169
0|2173
0|2174
0|2176
0|2178
0|2185
0|2187
0|2189
0|2193
0|2195
0|2199
0|2201
0|2203
0|2204
0|2206
0|2210
0|2211
0|2217
0|2221
0|2227
0|2229
0|2231
0|2234
0|2235
0|2236
0|2240
0|2241
0|2243
0|2244
0|2245
0|2247
0|2262
0|2265
0|2271
0|2275
0|2276
0|2278
0|2279
0|2280
0|2281
0|2282
0|2287
0|2288
0|2291
0|2292
0|2294
0|2295
0|2297
0|2300
0|2302
0|2303
0|2304
0|2305
0|2310
0|2312
0|2315
0|2318
0|2328
0|2330
0|2331
0|2332
0|2333
0|2335
0|2338
0|2341
0|2348
0|2352
0|2359
0|2360
0|2361
0|2363
0|2365
0|2370
0|2373
0|2382
0|2388
0|2391
0|2393
0|2402
0|2405
0|2410
0|2412
0|2416
0|2417
0|2420
0|2426
0|2428
0|2439
0|2440
0|2449
0|2450
0|2451
0|2452
0|2459
0|2465
0|2467
0|2468
0|2471
0|2476
0|2477
0|2478
0|2483
0|2484
0|2487
0|2493
0|2496
0|2498
0|2499
0|2500
0|2502
0|2513
0|2514
0|2515
0|2526
0|2528
0|2536
0|2538
0|2544
0|2545
0|2549
0|2550
0|2555
0|2558
0|2563
0|2569
0|2573
0|2574
0|2578
0|2585
0|2592
0|2593
0|2596
0|2602
0|2606
0|2610
0|2623
0|2626
0|2632
0|2634
0|2643
0|2646
0|2650
0|2651
0|2656
0|2660
0|2661
0|2666
0|2669
0|2676
0|2685
0|2687
0|2693
0|2701
0|2702
0|2704
0|2707
0|2721
0|2726
0|2729
0|2732
0|2733
0|2736
0|2740
0|2746
0|2754
0|2758
0|2760
0|2762
0|2765
0|2766
0|2778
0|2783
0|2784
0|2785
0|2788
0|2791
0|2795
0|2805
0|2806
0|2808
0|2819
0|2822
0|2829
0|2841
0|2849
0|2853
0|2862
0|2867
0|2869
0|2870
0|2910
0|2916
0|2921
0|2930
0|2961
0|2980
0|2981
0|2991
0|3002
0|3013
0|3015
0|3019
0|3028
0|3036
0|3042
0|3045
0|3061
0|3072
0|3089
0|3108
0|3119
0|3139
0|3169
0|3183
0|3186
0|3188
0|3190
0|3201
0|3204
0|3211
0|3218
0|3233
0|3242
0|3252
0|3258
0|3261
0|3263
0|3279
0|3282
0|3287
0|3289
0|3293
0|3298
0|3303
0|3305
0|3306
0|3307
0|3310
0|3316
0|3318
0|3326
0|3328
0|3329
0|3338
0|3340
0|3348
0|3364
0|3365
0|3367
0|3369
0|3372
0|3380
0|3383
0|3392
0|3419
0|3421
0|3428
0|3435
0|3440
0|3444
0|3458
0|3469
0|3476
0|3482
0|3488
0|3511
0|3535
0|3537
0|3548
0|3555
0|3566
0|3573
0|3576
0|3578
0|3594
0|3598
0|3616
0|3618
0|3619
0|3632
0|3634
0|3635
0|3666
0|3670
0|3705
0|3708
0|3710
0|3718
0|3720
0|3738
0|3739
0|3747
0|3754
0|3760
0|3762
0|3780
0|3791
0|3796
0|3810
0|3818
0|3822
0|3823
0|3827
0|3839
0|3841
0|3852
0|3860
0|3864
0|3866
0|3877
0|3882
0|3883
0|3888
0|3889
0|3897
0|3898
0|3904
0|3906
0|3919
0|3924
0|3930
0|3937
0|3939
0|3941
0|3949
0|3958
0|3963
0|3964
0|3969
0|3982
0|3985
0|3989
0|3994
0|3998
0|4002
0|4003
0|4004
0|4006
0|4016
0|4021
0|4037
0|4038
0|4045
0|4046
0|4049
0|4055
0|4056
0|4061
0|4064
0|4067
0|4068
0|4072
0|4083
0|4084
0|4090
0|4100
0|4102
0|4105
0|4112
0|4119
0|4121
0|4127
0|4129
0|4131
0|4133
0|4135
0|4136
0|4139
0|4142
0|4151
0|4153
0|4155
0|4156
0|4157
0|4161
0|4163
0|4169
0|4170
0|4171
0|4176
0|4180
0|4184
0|4188
0|4190
0|4193
0|4200
0|4209
0|4211
0|4212
0|4218
0|4228
0|4230
0|4235
0|4239
0|4242
0|4243
0|4245
0|4251
0|4253
0|4255
0|4257
0|4264
0|4266
0|4270
0|4272
0|4273
0|4281
0|4284
0|4294
0|4296
0|4297
0|4302
0|4306
0|4311
0|4321
0|4328
0|4333
0|4348
0|4355
0|4369
0|4373
0|4388
0|4395
0|4413
0|4421
0|4426
0|4431
0|4438
0|4442
0|4443
0|4447
0|4463
0|4476
0|4478
0|4479
0|4492
0|4494
0|4496
0|4497
0|4498
0|4500
0|4502
0|4503
0|4505
0|4506
0|4510
0|4513
0|4515
0|4519
0|4522
0|4541
0|4544
0|4556
0|4570
0|4573
0|4583
0|4627
0|4633
0|4634
0|4644
0|4649
0|4657
0|4661
0|4672
0|4676
0|4677
0|4679
0|4694
0|4701
0|4707
0|4709
0|4714
0|4717
0|4729
0|4730
0|4734
0|4735
0|4738
0|4743
0|4744
0|4746
0|4748
0|4749
0|4751
0|4753
0|4756
0|4763
0|4764
0|4772
0|4773
0|4774
0|4779
0|4782
0|4786
0|4787
0|4795
0|4802
0|4807
0|4820
0|4826
0|4830
0|4838
0|4843
0|4844
0|4866
0|4872
0|4873
0|4878
0|4881
0|4882
0|4885
0|4904
0|4906
0|4917
0|4923
0|4926
0|4927
0|4929
0|4930
0|4931
0|4941
0|4942
0|4944
0|4945
0|4948
0|4954
0|4955
0|4960
0|4963
0|4965
0|4966
0|4981
0|4993
0|4994
0|4995
0|4997
0|5005
0|5010
0|5012
0|5014
0|5021
0|5040
0|5047
0|5056
0|5057
0|5058
0|5059
0|5060
0|5062
0|5067
0|5072
0|5073
0|5074
0|5075
0|5078
0|5085
0|5092
0|5093
0|5097
0|5098
0|5100
0|5105
0|5115
0|5118
0|5120
0|5123
0|5125
0|5127
0|5128
0|5129
0|5139
0|5146
0|5163
0|5166
0|5171
0|5173
0|5174
0|5176
0|5177
0|5178
0|5196
0|5201
0|5204
0|5209
0|5223
0|5228
0|5243
0|5250
0|5255
0|5265
0|5273
0|5286
0|5288
0|5289
0|5291
0|5308
0|5311
0|5313
0|5336
0|5355
0|5356
0|5363
0|5389
0|5390
0|5392
0|5395
0|5398
0|5403
0|5409
0|5414
0|5422
0|5431
0|5432
0|5435
0|5439
0|5441
0|5447
0|5448
0|5461
0|5470
0|5481
0|5484
0|5490
0|5504
0|5507
0|5511
0|5517
0|5518
0|5520
0|5528
0|5531
0|5534
0|5538
0|5541
0|5542
0|5552
0|5555
0|5556
0|5558
0|5559
0|5564
0|5567
0|5577
0|5580
0|5582
0|5583
0|5593
0|5603
0|5616
0|5626
0|5633
0|5637
0|5642
0|5653
0|5657
0|5658
0|5662
0|5669
0|5680
0|5686
0|5703
0|5716
0|5719
0|5721
0|5737
0|5741
0|5757
0|5766
0|5769
0|5777
0|5803
0|5810
0|5819
0|5820
0|5834
0|5846
0|5848
0|5853
0|5854
0|5855
0|5876
0|5889
0|5892
0|5902
0|5916
0|5922
0|5928
0|5940
0|5942
0|5948
0|5953
0|5954
0|5958
0|5967
0|5968
0|5969
0|5973
0|5980
0|6000
0|6002
0|6014
0|6016
0|6020
0|6032
0|6033
1|38
1|41
1|92
1|122
1|162
1|200
1|203
1|213
1|224
1|242
1|246
1|298
1|310
1|313
1|365
1|372
1|428
1|459
1|464
1|473
1|480
1|541
1|569
1|605
1|701
1|814
1|995
1|1068
1|1092
1|1125
1|1232
1|1314
1|1356
1|1460
1|1557
1|1561
1|1580
1|1581
1|1664
1|1688
1|1697
1|1705
1|1711
1|1730
1|1755
1|1808
1|1824
1|1832
1|1844
1|1858
1|1911
1|1944
1|1951
1|1957
1|2073
1|2138
1|2150
1|2257
1|2258
1|2306
1|2325
1|2464
1|2495
1|2618
1|2679
1|2692
1|2734
1|2747
1|2763
1|2775
1|2782
1|2800
1|2846
1|2854
1|2873
1|2891
1|2912
1|2924
1|2936
1|2937
1|2944
1|2963
1|2973
1|2977
1|3004
1|3026
1|3065
1|3070
1|3196
1|3202
1|3219
1|3244
1|3259
1|3312
1|3322
1|3343
1|3349
1|3510
1|3525
1|3750
1|3794
1|3795
1|3951
1|3971
1|3987
1|4300
1|4371
1|4383
1|4387
1|4391
1|4398
1|4399
1|4400
1|4579
1|4596
1|4611
1|4612
1|4629
1|4660
1|4662
1|4675
1|4700
1|4745
1|4752
1|4799
1|4849
1|4936
1|4938
1|4998
1|5007
1|5050
1|5081
1|5158
1|5160
1|5198
1|5282
1|5290
1|5305
1|5388
1|5400
1|5444
1|5495
1|5530
1|5547
1|5548
1|5597
1|5618
1|5619
1|5632
1|5639
1|5644
1|5649
1|5688
1|5704
1|5705
1|5745
1|5830
1|5847
1|5906
1|5956
1|5959
1|5985
1|5992
2|10
2|16
2|30
2|55
2|62
2|97
2|98
2|106
2|140
2|146
2|196
2|201
2|265
2|277
2|281
2|285
2|343
2|353
2|364
2|374
2|379
2|382
2|387
2|399
2|415
2|455
2|467
2|487
2|494
2|518
2|519
2|520
2|548
2|573
2|590
2|625
2|628
2|630
2|641
2|642
2|704
2|721
2|750
2|755
2|793
2|795
2|800
2|826
2|834
2|883
2|912
2|914
2|919
2|925
2|932
2|934
2|987
2|992
2|1012
2|1024
2|1034
2|1039
2|1052
2|1072
2|1136
2|1158
2|1162
2|1185
2|1191
2|1238
2|1242
2|1248
2|1253
2|1288
2|1291
2|1295
2|1323
2|1350
2|1407
2|1429
2|1489
2|1513
2|1536
2|1554
2|1594
2|1606
2|1609
2|1658
2|1781
2|1813
2|1816
2|1819
2|1823
2|1893
2|1894
2|1905
2|1914
2|1920
2|1939
2|1999
2|2009
2|2011
2|2050
2|2068
2|2070
2|2091
2|2123
2|2161
2|2177
2|2198
2|2233
2|2237
2|2248
2|2255
2|2268
2|2353
2|2357
2|2371
2|2381
2|2397
2|2409
2|2411
2|2425
2|2443
2|2489
2|2508
2|2517
2|2525
2|2529
2|2541
2|2543
2|2547
2|2548
2|2564
2|2622
2|2624
2|2633
2|2637
2|2647
2|2654
2|2667
2|2671
2|2677
2|2739
2|2745
2|2804
2|2807
2|2820
2|2864
2|2874
2|2907
2|2913
2|2934
2|2945
2|2951
2|2965
2|2997
2|3009
2|3017
2|3020
2|3025
2|3038
2|3060
2|3068
2|3078
2|3082
2|3168
2|3178
2|3205
2|3217
2|3246
2|3253
2|3254
2|3271
2|3286
2|3325
2|3330
2|3347
2|3363
2|3443
2|3445
2|3473
2|3497
2|3501
2|3532
2|3549
2|3552
2|3574
2|3582
2|3596
2|3601
2|3603
2|3608
2|3627
2|3663
2|3664
2|3676
2|3704
2|3743
2|3751
2|3758
2|3770
2|3803
2|3805
2|3807
2|3842
2|3856
2|3895
2|3915
2|3917
2|3933
2|3936
2|3943
2|3944
2|3960
2|4023
2|4044
2|4048
2|4063
2|4077
2|4148
2|4174
2|4179
2|4206
2|4208
2|4223
2|4226
2|4232
2|4246
2|4252
2|4261
2|4262
2|4317
2|4357
2|4434
2|4437
2|4456
2|4468
2|4482
2|4530
2|4553
2|4598
2|4599
2|4603
2|4637
2|4674
2|4681
2|4710
2|4719
2|4726
2|4765
2|4767
2|4770
2|4784
2|4794
2|4797
2|4804
2|4813
2|4822
2|4842
2|4848
2|4865
2|4870
2|4876
2|4886
2|4909
2|4924
2|4925
2|4946
2|4951
2|5016
2|5039
2|5044
2|5048
2|5055
2|5089
2|5090
2|5095
2|5103
2|5106
2|5164
2|5172
2|5175
2|5182
2|5185
2|5188
2|5190
2|5200
2|5210
2|5214
2|5304
2|5337
2|5342
2|5352
2|5406
2|5407
2|5424
2|5433
2|5476
2|5494
2|5500
2|5526
2|5545
2|5551
2|5560
2|5562
2|5573
2|5579
2|5611
2|5613
2|5635
2|5643
2|5650
2|5663
2|5673
2|5695
2|5718
2|5728
2|5743
2|5755
2|5762
2|5782
2|5790
2|5804
2|5822
2|5833
2|5835
2|5841
2|5887
2|5901
2|5905
2|5929
2|5930
2|5945
2|5966
2|5991
2|5995
2|6017
3|3
3|5
3|8
3|9
3|12
3|15
3|20
3|26
3|27
3|36
3|42
3|43
3|53
3|58
3|61
3|66
3|71
3|82
3|87
3|93
3|94
3|104
3|108
3|110
3|112
3|115
3|116
3|117
3|120
3|129
3|132
3|134
3|142
3|144
3|149
3|169
3|170
3|172
3|173
3|174
3|179
3|190
3|195
3|198
3|204
3|206
3|207
3|212
3|220
3|222
3|223
3|225
3|228
3|231
3|232
3|235
3|236
3|237
3|243
3|247
3|252
3|258
3|259
3|261
3|269
3|275
3|279
3|282
3|283
3|284
3|286
3|299
3|300
3|303
3|304
3|308
3|331
3|345
3|359
3|368
3|375
3|377
3|380
3|384
3|385
3|386
3|389
3|396
3|398
3|402
3|406
3|408
3|413
3|414
3|424
3|425
3|435
3|442
3|443
3|448
3|449
3|454
3|463
3|466
3|474
3|479
3|482
3|488
3|492
3|501
3|504
3|506
3|508
3|509
3|513
3|514
3|515
3|522
3|530
3|532
3|533
3|534
3|536
3|539
3|543
3|549
3|553
3|554
3|565
3|566
3|574
3|575
3|579
3|587
3|591
3|595
3|607
3|609
3|616
3|618
3|622
3|623
3|624
3|633
3|638
3|643
3|644
3|650
3|667
3|669
3|670
3|673
3|674
3|675
3|678
3|680
3|690
3|696
3|708
3|710
3|711
3|712
3|717
3|722
3|723
3|728
3|730
3|732
3|734
3|735
3|740
3|741
3|744
3|748
3|757
3|765
3|767
3|768
3|773
3|779
3|780
3|786
3|788
3|790
3|792
3|802
3|804
3|808
3|809
3|810
3|812
3|823
3|836
3|839
3|843
3|844
3|846
3|848
3|849
3|852
3|853
3|859
3|861
3|863
3|877
3|891
3|897
3|898
3|913
3|915
3|921
3|923
3|929
3|930
3|937
3|963
3|964
3|970
3|971
3|977
3|980
3|981
3|993
3|996
3|999
3|1003
3|1004
3|1010
3|1011
3|1022
3|1025
3|1029
3|1030
3|1033
3|1040
3|1044
3|1050
3|1058
3|1064
3|1069
3|1077
3|1079
3|1085
3|1087
3|1090
3|1099
3|1100
3|1116
3|1124
3|1127
3|1128
3|1139
3|1144
3|1147
3|1149
3|1151
3|1155
3|1161
3|1165
3|1169
3|1189
3|1193
3|1204
3|1208
3|1210
3|1216
3|1217
3|1219
3|1223
3|1228
3|1230
3|1231
3|1245
3|1251
3|1255
3|1256
3|1260
3|1264
3|1267
3|1270
3|1281
3|1292
3|1293
3|1297
3|1299
3|1303
3|1304
3|1306
3|1309
3|1312
3|1325
3|1332
3|1333
3|1338
3|1340
3|1360
3|1367
3|1369
3|1389
3|1395
3|1400
3|1408
3|1412
3|1416
3|1427
3|1435
3|1445
3|1453
3|1456
3|1457
3|1467
3|1471
3|1472
3|1473
3|1480
3|1482
3|1484
3|1486
3|1488
3|1492
3|1494
3|1496
3|1500
3|1501
3|1503
3|1506
3|1512
3|1515
3|1518
3|1520
3|1523
3|1528
3|1538
3|1539
3|1543
3|1544
3|1545
3|1551
3|1567
3|1571
3|1574
3|1579
3|1584
3|1588
3|1589
3|1593
3|1597
3|1599
3|1601
3|1604
3|1608
3|1610
3|1611
3|1612
3|1616
3|1617
3|1620
3|1624
3|1632
3|1635
3|1639
3|1641
3|1646
3|1650
3|1651
3|1652
3|1656
3|1662
3|1666
3|1672
3|1679
3|1680
3|1682
3|1687
3|1693
3|1694
3|1695
3|1700
3|1706
3|1708
3|1709
3|1712
3|1713
3|1714
3|1715
3|1716
3|1726
3|1729
3|1742
3|1747
3|1749
3|1752
3|1759
3|1762
3|1767
3|1769
3|1771
3|1774
3|1776
3|1777
3|1790
3|1794
3|1803
3|1804
3|1820
3|1821
3|1825
3|1829
3|1835
3|1836
3|1837
3|1840
3|1843
3|1845
3|1851
3|1852
3|1854
3|1866
3|1876
3|1886
3|1892
3|1898
3|1902
3|1913
3|1930
3|1931
3|1932
3|1934
3|1937
3|1940
3|1945
3|1946
3|1947
3|1950
3|1954
3|1966
3|1968
3|1973
3|1983
3|1987
3|1990
3|1991
3|1995
3|1997
3|2008
3|2017
3|2020
3|2021
3|2022
3|2043
3|2054
3|2065
3|2080
3|2087
3|2101
3|2102
3|2105
3|2107
3|2109
3|2113
3|2118
3|2124
3|2129
3|2131
3|2149
3|2154
3|2158
3|2165
3|2180
3|2181
3|2194
3|2196
3|2208
3|2219
3|2223
3|2224
3|2225
3|2228
3|2232
3|2246
3|2249
3|2261
3|2263
3|2272
3|2273
3|2284
3|2290
3|2307
3|2321
3|2344
3|2349
3|2362
3|2374
3|2376
3|2378
3|2387
3|2389
3|2398
3|2414
3|2415
3|2419
3|2424
3|2429
3|2436
3|2445
3|2447
3|2453
3|2456
3|2457
3|2458
3|2463
3|2466
3|2472
3|2473
3|2474
3|2490
3|2501
3|2504
3|2505
3|2509
3|2510
3|2511
3|2518
3|2523
3|2551
3|2553
3|2554
3|2561
3|2567
3|2568
3|2577
3|2581
3|2586
3|2589
3|2598
3|2599
3|2600
3|2603
3|2604
3|2611
3|2614
3|2615
3|2627
3|2629
3|2638
3|2641
3|2642
3|2645
3|2648
3|2649
3|2653
3|2658
3|2662
3|2678
3|2680
3|2686
3|2688
3|2689
3|2690
3|2696
3|2700
3|2705
3|2708
3|2713
3|2719
3|2727
3|2735
3|2737
3|2741
3|2742
3|2743
3|2749
3|2752
3|2757
3|2759
3|2764
3|2767
3|2768
3|2769
3|2774
3|2776
3|2780
3|2790
3|2794
3|2796
3|2803
3|2809
3|2811
3|2812
3|2813
3|2816
3|2818
3|2827
3|2831
3|2832
3|2833
3|2836
3|2839
3|2840
3|2844
3|2848
3|2852
3|2857
3|2861
3|2866
3|2872
3|2875
3|2876
3|2887
3|2888
3|2893
3|2895
3|2897
3|2901
3|2902
3|2903
3|2909
3|2915
3|2917
3|2918
3|2920
3|2922
3|2927
3|2928
3|2932
3|2935
3|2940
3|2949
3|2953
3|2956
3|2958
3|2964
3|2967
3|2969
3|2995
3|2999
3|3005
3|3010
3|3011
3|3012
3|3022
3|3032
3|3040
3|3056
3|3071
3|3073
3|3074
3|3080
3|3081
3|3084
3|3090
3|3099
3|3102
3|3103
3|3106
3|3107
3|3110
3|3113
3|3116
3|3118
3|3121
3|3123
3|3124
3|3125
3|3126
3|3129
3|3130
3|3135
3|3137
3|3141
3|3142
3|3146
3|3147
3|3155
3|3157
3|3158
3|3160
3|3161
3|3162
3|3167
3|3170
3|3173
3|3176
3|3180
3|3181
3|3182
3|3189
3|3191
3|3193
3|3194
3|3198
3|3208
3|3209
3|3221
3|3223
3|3228
3|3231
3|3243
3|3256
3|3257
3|3262
3|3265
3|3268
3|3274
3|3276
3|3277
3|3280
3|3281
3|3284
3|3288
3|3290
3|3302
3|3309
3|3314
3|3315
3|3320
3|3332
3|3335
3|3339
3|3341
3|3345
3|3354
3|3355
3|3357
3|3359
3|3368
3|3371
3|3377
3|3381
3|3395
3|3396
3|3397
3|3400
3|3404
3|3408
3|3412
3|3414
3|3416
3|3422
3|3423
3|3424
3|3426
3|3427
3|3432
3|3446
3|3447
3|3449
3|3450
3|3452
3|3456
3|3457
3|3463
3|3465
3|3466
3|3467
3|3468
3|3472
3|3475
3|3478
3|3480
3|3485
3|3490
3|3491
3|3493
3|3494
3|3498
3|3499
3|3507
3|3513
3|3520
3|3521
3|3527
3|3530
3|3533
3|3541
3|3542
3|3543
3|3546
3|3550
3|3554
3|3556
3|3563
3|3564
3|3565
3|3567
3|3568
3|3575
3|3588
3|3595
3|3597
3|3599
3|3602
3|3611
3|3612
3|3613
3|3614
3|3615
3|3620
3|3624
3|3626
3|3628
3|3636
3|3637
3|3638
3|3641
3|3643
3|3647
3|3650
3|3651
3|3652
3|3654
3|3665
3|3669
3|3673
3|3674
3|3678
3|3681
3|3683
3|3684
3|3685
3|3686
3|3689
3|3691
3|3693
3|3694
3|3695
3|3697
3|3698
3|3700
3|3706
3|3709
3|3712
3|3714
3|3719
3|3721
3|3722
3|3723
3|3726
3|3730
3|3731
3|3732
3|3735
3|3737
3|3741
3|3742
3|3744
3|3746
3|3753
3|3757
3|3761
3|3763
3|3764
3|3767
3|3769
3|3771
3|3774
3|3778
3|3783
3|3792
3|3797
3|3798
3|3804
3|3808
3|3811
3|3814
3|3815
3|3819
3|3820
3|3821
3|3824
3|3826
3|3828
3|3833
3|3835
3|3837
3|3845
3|3847
3|3848
3|3851
3|3853
3|3854
3|3855
3|3859
3|3862
3|3863
3|3870
3|3872
3|3874
3|3875
3|3876
3|3879
3|3880
3|3885
3|3892
3|3893
3|3899
3|3902
3|3903
3|3905
3|3908
3|3910
3|3918
3|3921
3|3925
3|3926
3|3928
3|3929
3|3931
3|3932
3|3934
3|3938
3|3947
3|3953
3|3956
3|3961
3|3966
3|3968
3|3973
3|3983
3|3984
3|3986
3|3990
3|3991
3|3993
3|4010
3|4011
3|4013
3|4014
3|4017
3|4020
3|4024
3|4026
3|4031
3|4032
3|4033
3|4034
3|4036
3|4039
3|4040
3|4052
3|4053
3|4058
3|4059
3|4060
3|4062
3|4066
3|4070
3|4071
3|4073
3|4075
3|4076
3|4078
3|4082
3|4088
3|4089
3|4091
3|4094
3|4095
3|4096
3|4097
3|4106
3|4111
3|4115
3|4118
3|4120
3|4124
3|4126
3|4132
3|4137
3|4138
3|4140
3|4150
3|4152
3|4154
3|4167
3|4182
3|4183
3|4185
3|4186
3|4202
3|4203
3|4210
3|4215
3|4216
3|4227
3|4237
3|4254
3|4258
3|4260
3|4263
3|4265
3|4279
3|4287
3|4290
3|4292
3|4303
3|4307
3|4308
3|4309
3|4312
3|4314
3|4316
3|4318
3|4320
3|4324
3|4325
3|4334
3|4339
3|4342
3|4343
3|4344
3|4351
3|4353
3|4362
3|4364
3|4370
3|4377
3|4382
3|4384
3|4386
3|4390
3|4403
3|4404
3|4405
3|4406
3|4409
3|4417
3|4420
3|4422
3|4424
3|4428
3|4429
3|4432
3|4433
3|4435
3|4436
3|4445
3|4448
3|4449
3|4450
3|4451
3|4454
3|4459
3|4460
3|4461
3|4471
3|4477
3|4480
3|4481
3|4487
3|4499
3|4501
3|4508
3|4509
3|4512
3|4518
3|4524
3|4525
3|4526
3|4528
3|4532
3|4533
3|4538
3|4543
3|4545
3|4546
3|4552
3|4557
3|4559
3|4560
3|4569
3|4578
3|4581
3|4589
3|4591
3|4595
3|4600
3|4604
3|4605
3|4607
3|4613
3|4615
3|4616
3|4618
3|4622
3|4623
3|4624
3|4625
3|4626
3|4632
3|4641
3|4642
3|4643
3|4650
3|4656
3|4667
3|4671
3|4682
3|4683
3|4688
3|4702
3|4703
3|4706
3|4708
3|4711
3|4713
3|4715
3|4720
3|4728
3|4731
3|4732
3|4739
3|4742
3|4769
3|4775
3|4777
3|4778
3|4780
3|4783
3|4798
3|4806
3|4817
3|4824
3|4825
3|4829
3|4832
3|4835
3|4837
3|4841
3|4847
3|4853
3|4855
3|4856
3|4857
3|4858
3|4860
3|4862
3|4867
3|4879
3|4892
3|4893
3|4898
3|4899
3|4900
3|4901
3|4915
3|4932
3|4933
3|4939
3|4950
3|4957
3|4959
3|4961
3|4962
3|4976
3|4980
3|4982
3|4988
3|4989
3|5002
3|5008
3|5019
3|5025
3|5026
3|5028
3|5038
3|5046
3|5049
3|5065
3|5070
3|5076
3|5077
3|5086
3|5088
3|5091
3|5096
3|5101
3|5102
3|5113
3|5121
3|5122
3|5126
3|5134
3|5136
3|5138
3|5140
3|5142
3|5148
3|5150
3|5153
3|5154
3|5155
3|5162
3|5179
3|5181
3|5192
3|5194
3|5205
3|5207
3|5211
3|5217
3|5220
3|5222
3|5229
3|5230
3|5233
3|5236
3|5237
3|5242
3|5252
3|5256
3|5259
3|5270
3|5272
3|5274
3|5275
3|5277
3|5281
3|5284
3|5287
3|5292
3|5293
3|5294
3|5297
3|5299
3|5300
3|5301
3|5307
3|5309
3|5312
3|5315
3|5323
3|5324
3|5326
3|5327
3|5335
3|5338
3|5347
3|5353
3|5369
3|5370
3|5371
3|5375
3|5376
3|5379
3|5381
3|5385
3|5386
3|5391
3|5396
3|5399
3|5404
3|5408
3|5412
3|5426
3|5437
3|5438
3|5442
3|5443
3|5445
3|5462
3|5466
3|5468
3|5473
3|5474
3|5486
3|5487
3|5488
3|5496
3|5501
3|5502
3|5508
3|5509
3|5522
3|5527
3|5532
3|5535
3|5536
3|5543
3|5544
3|5554
3|5570
3|5574
3|5581
3|5587
3|5592
3|5595
3|5614
3|5617
3|5621
3|5623
3|5624
3|5625
3|5627
3|5629
3|5634
3|5636
3|5645
3|5648
3|5656
3|5659
3|5660
3|5671
3|5676
3|5677
3|5685
3|5689
3|5697
3|5701
3|5707
3|5710
3|5711
3|5717
3|5720
3|5722
3|5724
3|5726
3|5735
3|5736
3|5738
3|5739
3|5740
3|5747
3|5748
3|5749
3|5761
3|5765
3|5767
3|5770
3|5771
3|5773
3|5775
3|5779
3|5781
3|5786
3|5787
3|5788
3|5789
3|5792
3|5793
3|5795
3|5797
3|5799
3|5801
3|5809
3|5813
3|5814
3|5815
3|5816
3|5817
3|5821
3|5823
3|5827
3|5828
3|5831
3|5836
3|5837
3|5839
3|5859
3|5865
3|5870
3|5872
3|5880
3|5885
3|5886
3|5888
3|5893
3|5895
3|5896
3|5897
3|5900
3|5903
3|5907
3|5912
3|5918
3|5921
3|5923
3|5933
3|5934
3|5937
3|5938
3|5963
3|5965
3|5975
3|5979
3|5983
3|5984
3|5987
3|5988
3|6019
3|6021
3|6022
3|6023
3|6024
3|6030
3|6034
3|6040
4|21
4|22
4|46
4|49
4|57
4|64
4|113
4|126
4|136
4|138
4|143
4|165
4|181
4|186
4|189
4|192
4|197
4|214
4|229
4|239
4|248
4|257
4|260
4|272
4|295
4|297
4|306
4|336
4|337
4|342
4|355
4|357
4|363
4|370
4|392
4|394
4|395
4|401
4|407
4|409
4|419
4|429
4|431
4|438
4|462
4|465
4|483
4|495
4|510
4|524
4|540
4|578
4|585
4|589
4|592
4|620
4|636
4|652
4|665
4|676
4|699
4|709
4|715
4|718
4|720
4|736
4|738
4|742
4|761
4|763
4|764
4|772
4|777
4|778
4|784
4|785
4|789
4|821
4|832
4|860
4|869
4|878
4|881
4|882
4|896
4|941
4|947
4|961
4|978
4|990
4|994
4|1020
4|1035
4|1047
4|1060
4|1091
4|1097
4|1102
4|1109
4|1112
4|1117
4|1130
4|1132
4|1133
4|1134
4|1138
4|1142
4|1153
4|1159
4|1160
4|1186
4|1221
4|1226
4|1272
4|1311
4|1318
4|1329
4|1341
4|1381
4|1384
4|1399
4|1413
4|1426
4|1438
4|1442
4|1495
4|1504
4|1517
4|1527
4|1532
4|1537
4|1542
4|1558
4|1562
4|1570
4|1582
4|1613
4|1627
4|1628
4|1644
4|1647
4|1649
4|1653
4|1677
4|1684
4|1702
4|1703
4|1710
4|1719
4|1721
4|1725
4|1733
4|1735
4|1754
4|1764
4|1779
4|1784
4|1787
4|1795
4|1807
4|1833
4|1841
4|1850
4|1889
4|1904
4|1917
4|1933
4|1949
4|1984
4|2077
4|2081
4|2085
4|2093
4|2097
4|2114
4|2134
4|2144
4|2145
4|2146
4|2153
4|2156
4|2163
4|2172
4|2186
4|2239
4|2250
4|2270
4|2274
4|2327
4|2379
4|2404
4|2446
4|2454
4|2486
4|2522
4|2530
4|2559
4|2562
4|2576
4|2591
4|2621
4|2636
4|2644
4|2744
4|2771
4|2799
4|2821
4|2837
4|2838
4|2850
4|2859
4|2880
4|2882
4|2883
4|2896
4|2900
4|2908
4|2919
4|2929
4|2948
4|2950
4|2954
4|2976
4|2993
4|2996
4|3003
4|3016
4|3043
4|3046
4|3048
4|3051
4|3058
4|3086
4|3101
4|3104
4|3112
4|3114
4|3128
4|3148
4|3163
4|3164
4|3172
4|3185
4|3199
4|3206
4|3225
4|3236
4|3245
4|3270
4|3295
4|3296
4|3327
4|3333
4|3373
4|3387
4|3389
4|3398
4|3425
4|3433
4|3439
4|3442
4|3454
4|3460
4|3504
4|3506
4|3512
4|3514
4|3517
4|3522
4|3540
4|3557
4|3558
4|3579
4|3581
4|3584
4|3605
4|3610
4|3622
4|3625
4|3653
4|3657
4|3688
4|3690
4|3703
4|3715
4|3716
4|3740
4|3756
4|3799
4|3800
4|3801
4|3802
4|3825
4|3834
4|3850
4|3857
4|3868
4|3869
4|3881
4|3901
4|3909
4|3911
4|3913
4|3965
4|3996
4|4008
4|4009
4|4041
4|4051
4|4081
4|4087
4|4103
4|4104
4|4122
4|4295
4|4304
4|4337
4|4346
4|4349
4|4350
4|4366
4|4368
4|4378
4|4396
4|4410
4|4415
4|4427
4|4446
4|4514
4|4523
4|4527
4|4535
4|4536
4|4547
4|4548
4|4550
4|4551
4|4636
4|4686
4|4689
4|4693
4|4695
4|4696
4|4697
4|4704
4|4733
4|4736
4|4761
4|4810
4|4812
4|4814
4|4821
4|4851
4|4864
4|4871
4|4887
4|4910
4|4916
4|4919
4|4922
4|4958
4|4969
4|4986
4|5030
4|5032
4|5094
4|5099
4|5133
4|5137
4|5141
4|5147
4|5151
4|5156
4|5167
4|5184
4|5187
4|5212
4|5213
4|5216
4|5218
4|5227
4|5269
4|5283
4|5318
4|5319
4|5339
4|5348
4|5350
4|5359
4|5360
4|5365
4|5366
4|5373
4|5394
4|5397
4|5417
4|5449
4|5450
4|5457
4|5471
4|5482
4|5489
4|5491
4|5529
4|5546
4|5565
4|5591
4|5608
4|5638
4|5647
4|5652
4|5666
4|5682
4|5684
4|5702
4|5706
4|5723
4|5725
4|5729
4|5730
4|5746
4|5750
4|5753
4|5760
4|5776
4|5780
4|5784
4|5824
4|5873
4|5877
4|5909
4|5919
4|5932
4|5935
4|5949
4|5957
4|5964
5|11
5|24
5|28
5|32
5|37
5|50
5|69
5|81
5|83
5|96
5|114
5|133
5|139
5|151
5|167
5|175
5|184
5|221
5|253
5|262
5|263
5|288
5|289
5|290
5|340
5|346
5|361
5|373
5|383
5|388
5|410
5|417
5|418
5|475
5|497
5|499
5|507
5|517
5|527
5|546
5|556
5|559
5|583
5|584
5|588
5|596
5|603
5|617
5|648
5|655
5|658
5|659
5|663
5|668
5|687
5|692
5|726
5|751
5|752
5|766
5|776
5|798
5|799
5|801
5|822
5|840
5|847
5|854
5|864
5|870
5|899
5|916
5|927
5|938
5|939
5|954
5|962
5|969
5|973
5|982
5|983
5|991
5|1000
5|1051
5|1059
5|1065
5|1073
5|1075
5|1076
5|1115
5|1141
5|1150
5|1164
5|1168
5|1172
5|1173
5|1175
5|1177
5|1194
5|1203
5|1235
5|1236
5|1239
5|1301
5|1319
5|1321
5|1326
5|1344
5|1345
5|1351
5|1354
5|1361
5|1368
5|1373
5|1383
5|1385
5|1386
5|1394
5|1396
5|1403
5|1419
5|1448
5|1459
5|1475
5|1485
5|1493
5|1510
5|1516
5|1521
5|1525
5|1553
5|1560
5|1572
5|1587
5|1602
5|1603
5|1636
5|1660
5|1669
5|1675
5|1683
5|1691
5|1699
5|1756
5|1758
5|1760
5|1792
5|1801
5|1809
5|1812
5|1822
5|1827
5|1906
5|1922
5|1938
5|1953
5|1958
5|1964
5|1969
5|1971
5|1988
5|2027
5|2029
5|2036
5|2040
5|2041
5|2066
5|2096
5|2100
5|2167
5|2179
5|2190
5|2192
5|2197
5|2205
5|2213
5|2214
5|2215
5|2216
5|2226
5|2260
5|2296
5|2301
5|2314
5|2351
5|2367
5|2383
5|2386
5|2390
5|2400
5|2427
5|2475
5|2479
5|2506
5|2533
5|2552
5|2582
5|2608
5|2628
5|2639
5|2698
5|2706
5|2709
5|2723
5|2750
5|2751
5|2797
5|2801
5|2825
5|2851
5|2863
5|2865
5|2871
5|2881
5|2938
5|2939
5|2947
5|2998
5|3023
5|3035
5|3037
5|3053
5|3055
5|3057
5|3067
5|3075
5|3079
5|3091
5|3095
5|3097
5|3100
5|3109
5|3122
5|3127
5|3131
5|3144
5|3150
5|3151
5|3159
5|3177
5|3184
5|3200
5|3212
5|3213
5|3224
5|3227
5|3239
5|3248
5|3255
5|3264
5|3291
5|3301
5|3331
5|3342
5|3358
5|3360
5|3362
5|3385
5|3388
5|3406
5|3413
5|3420
5|3429
5|3437
5|3438
5|3441
5|3451
5|3455
5|3464
5|3505
5|3519
5|3524
5|3531
5|3560
5|3562
5|3583
5|3593
5|3606
5|3609
5|3642
5|3644
5|3649
5|3655
5|3658
5|3677
5|3680
5|3713
5|3745
5|3749
5|3782
5|3784
5|3785
5|3786
5|3787
5|3789
5|3790
5|3816
5|3829
5|3832
5|3838
5|3840
5|3900
5|3927
5|3946
5|3970
5|3972
5|3975
5|3976
5|3988
5|4001
5|4027
5|4043
5|4085
5|4092
5|4107
5|4143
5|4162
5|4165
5|4166
5|4181
5|4199
5|4201
5|4205
5|4214
5|4225
5|4236
5|4283
5|4288
5|4299
5|4313
5|4329
5|4332
5|4336
5|4340
5|4345
5|4360
5|4375
5|4376
5|4380
5|4430
5|4444
5|4452
5|4462
5|4483
5|4484
5|4504
5|4540
5|4554
5|4561
5|4563
5|4576
5|4582
5|4608
5|4617
5|4619
5|4646
5|4652
5|4655
5|4659
5|4684
5|4692
5|4698
5|4716
5|4740
5|4750
5|4762
5|4776
5|4785
5|4790
5|4793
5|4803
5|4818
5|4831
5|4845
5|4846
5|4863
5|4890
5|4895
5|4911
5|4913
5|4914
5|4921
5|4928
5|4934
5|4952
5|4970
5|4992
5|5001
5|5027
5|5034
5|5035
5|5066
5|5071
5|5087
5|5108
5|5117
5|5119
5|5131
5|5199
5|5234
5|5240
5|5251
5|5257
5|5262
5|5268
5|5271
5|5278
5|5279
5|5306
5|5314
5|5317
5|5329
5|5330
5|5333
5|5341
5|5343
5|5345
5|5346
5|5364
5|5368
5|5384
5|5387
5|5402
5|5415
5|5416
5|5418
5|5428
5|5429
5|5434
5|5451
5|5465
5|5480
5|5483
5|5499
5|5503
5|5512
5|5521
5|5539
5|5561
5|5563
5|5571
5|5588
5|5589
5|5606
5|5610
5|5612
5|5641
5|5651
5|5655
5|5661
5|5668
5|5681
5|5692
5|5694
5|5696
5|5731
5|5732
5|5734
5|5742
5|5759
5|5763
5|5785
5|5796
5|5802
5|5805
5|5808
5|5812
5|5832
5|5845
5|5850
5|5852
5|5856
5|5862
5|5863
5|5866
5|5869
5|5878
5|5911
5|5920
5|5925
5|5941
5|5955
5|5972
5|5974
5|5976
5|5990
5|5996
5|5997
5|5999
5|6001
5|6004
5|6005
5|6009
5|6013
5|6015
5|6025
5|6029
5|6035
5|6036
6|25
6|39
6|47
6|52
6|63
6|68
6|70
6|73
6|77
6|84
6|85
6|131
6|135
6|145
6|147
6|152
6|163
6|166
6|182
6|191
6|199
6|202
6|217
6|271
6|273
6|274
6|301
6|302
6|311
6|321
6|351
6|352
6|371
6|403
6|404
6|423
6|426
6|436
6|453
6|457
6|489
6|491
6|496
6|542
6|555
6|572
6|582
6|608
6|621
6|626
6|640
6|662
6|671
6|686
6|694
6|698
6|714
6|716
6|747
6|770
6|774
6|781
6|787
6|803
6|807
6|813
6|817
6|818
6|828
6|851
6|890
6|894
6|920
6|936
6|1006
6|1018
6|1027
6|1081
6|1086
6|1106
6|1113
6|1120
6|1137
6|1152
6|1201
6|1211
6|1234
6|1237
6|1246
6|1261
6|1278
6|1302
6|1313
6|1393
6|1402
6|1409
6|1414
6|1418
6|1420
6|1430
6|1447
6|1450
6|1454
6|1466
6|1470
6|1483
6|1491
6|1498
6|1502
6|1514
6|1519
6|1524
6|1529
6|1550
6|1556
6|1578
6|1622
6|1626
6|1629
6|1655
6|1663
6|1676
6|1681
6|1718
6|1720
6|1724
6|1728
6|1732
6|1765
6|1773
6|1778
6|1783
6|1785
6|1791
6|1800
6|1802
6|1805
6|1806
6|1828
6|1830
6|1831
6|1839
6|1842
6|1847
6|1855
6|1863
6|1909
6|1943
6|1975
6|1992
6|2000
6|2005
6|2010
6|2014
6|2015
6|2023
6|2062
6|2074
6|2076
6|2078
6|2083
6|2084
6|2116
6|2127
6|2143
6|2152
6|2184
6|2191
6|2207
6|2212
6|2242
6|2326
6|2350
6|2403
6|2461
6|2494
6|2590
6|2595
6|2620
6|2682
6|2691
6|2694
6|2714
6|2756
6|2777
6|2789
6|2792
6|2824
6|2828
6|2847
6|2879
6|2886
6|2894
6|2898
6|2931
6|2957
6|2960
6|2970
6|2974
6|2983
6|2985
6|2987
6|2992
6|3001
6|3006
6|3008
6|3027
6|3029
6|3031
6|3033
6|3054
6|3062
6|3063
6|3066
6|3069
6|3077
6|3111
6|3120
6|3133
6|3134
6|3145
6|3149
6|3152
6|3166
6|3192
6|3195
6|3235
6|3240
6|3294
6|3297
6|3370
6|3378
6|3386
6|3391
6|3411
6|3434
6|3459
6|3471
6|3479
6|3481
6|3484
6|3487
6|3489
6|3495
6|3503
6|3508
6|3509
6|3516
6|3536
6|3559
6|3571
6|3621
6|3630
6|3631
6|3639
6|3648
6|3659
6|3725
6|3728
6|3729
6|3733
6|3734
6|3748
6|3777
6|3793
6|3806
6|3830
6|3844
6|3861
6|3871
6|3884
6|3887
6|3890
6|3922
6|3942
6|3954
6|4012
6|4035
6|4047
6|4101
6|4117
6|4144
6|4194
6|4198
6|4217
6|4315
6|4323
6|4352
6|4359
6|4374
6|4392
6|4393
6|4397
6|4401
6|4407
6|4411
6|4412
6|4416
6|4423
6|4441
6|4465
6|4475
6|4489
6|4491
6|4495
6|4507
6|4516
6|4531
6|4534
6|4567
6|4592
6|4631
6|4635
6|4648
6|4747
6|4791
6|4800
6|4823
6|4889
6|4949
6|4967
6|5011
6|5013
6|5064
6|5084
6|5143
6|5170
6|5202
6|5219
6|5225
6|5244
6|5254
6|5264
6|5280
6|5285
6|5316
6|5332
6|5367
6|5380
6|5382
6|5425
6|5436
6|5453
6|5460
6|5492
6|5510
6|5515
6|5568
6|5598
6|5607
6|5628
6|5646
6|5664
6|5665
6|5670
6|5690
6|5709
6|5715
6|5774
6|5791
6|5811
6|5826
6|5884
6|5891
6|5915
6|5936
6|5951
6|5998
6|6008
6|6027
6|6028
7|7
7|14
7|23
7|29
7|56
7|65
7|74
7|76
7|91
7|100
7|102
7|111
7|118
7|121
7|123
7|130
7|141
7|150
7|155
7|157
7|160
7|205
7|208
7|209
7|215
7|218
7|226
7|227
7|234
7|241
7|245
7|250
7|254
7|255
7|264
7|266
7|291
7|292
7|317
7|320
7|324
7|327
7|328
7|329
7|333
7|335
7|338
7|344
7|354
7|360
7|362
7|369
7|376
7|381
7|393
7|397
7|412
7|420
7|427
7|437
7|439
7|441
7|456
7|469
7|471
7|472
7|476
7|477
7|498
7|502
7|503
7|505
7|512
7|525
7|529
7|535
7|544
7|545
7|547
7|551
7|558
7|562
7|567
7|577
7|586
7|597
7|598
7|600
7|611
7|613
7|614
7|631
7|637
7|645
7|646
7|647
7|651
7|664
7|672
7|679
7|681
7|691
7|693
7|702
7|706
7|707
7|713
7|727
7|729
7|733
7|739
7|749
7|754
7|756
7|758
7|791
7|805
7|806
7|819
7|820
7|824
7|830
7|833
7|850
7|857
7|858
7|862
7|865
7|880
7|885
7|892
7|904
7|935
7|944
7|946
7|950
7|956
7|957
7|958
7|974
7|975
7|976
7|1005
7|1008
7|1015
7|1017
7|1019
7|1021
7|1031
7|1036
7|1042
7|1048
7|1053
7|1055
7|1063
7|1067
7|1089
7|1098
7|1101
7|1104
7|1105
7|1119
7|1129
7|1148
7|1181
7|1183
7|1197
7|1202
7|1209
7|1215
7|1222
7|1243
7|1247
7|1249
7|1259
7|1273
7|1276
7|1279
7|1285
7|1286
7|1290
7|1298
7|1315
7|1324
7|1328
7|1335
7|1339
7|1342
7|1343
7|1346
7|1352
7|1358
7|1359
7|1362
7|1370
7|1377
7|1390
7|1391
7|1397
7|1411
7|1417
7|1422
7|1424
7|1432
7|1439
7|1440
7|1441
7|1443
7|1446
7|1449
7|1451
7|1462
7|1464
7|1481
7|1487
7|1507
7|1511
7|1522
7|1548
7|1549
7|1559
7|1566
7|1583
7|1590
7|1592
7|1595
7|1598
7|1600
7|1614
7|1640
7|1661
7|1668
7|1671
7|1674
7|1685
7|1686
7|1689
7|1690
7|1692
7|1696
7|1698
7|1722
7|1723
7|1727
7|1737
7|1738
7|1741
7|1743
7|1744
7|1751
7|1753
7|1761
7|1763
7|1770
7|1780
7|1797
7|1799
7|1817
7|1834
7|1838
7|1848
7|1849
7|1864
7|1873
7|1875
7|1880
7|1881
7|1882
7|1888
7|1895
7|1903
7|1907
7|1923
7|1927
7|1936
7|1941
7|1942
7|1952
7|1956
7|1974
7|1976
7|1980
7|1993
7|1994
7|1996
7|2006
7|2018
7|2031
7|2046
7|2051
7|2057
7|2059
7|2064
7|2086
7|2089
7|2090
7|2094
7|2098
7|2103
7|2115
7|2119
7|2122
7|2125
7|2136
7|2164
7|2171
7|2200
7|2209
7|2218
7|2251
7|2254
7|2283
7|2286
7|2298
7|2316
7|2319
7|2323
7|2324
7|2336
7|2337
7|2340
7|2342
7|2345
7|2347
7|2354
7|2369
7|2377
7|2384
7|2394
7|2395
7|2399
7|2407
7|2421
7|2438
7|2442
7|2448
7|2455
7|2462
7|2470
7|2481
7|2485
7|2491
7|2503
7|2521
7|2527
7|2537
7|2539
7|2565
7|2566
7|2571
7|2572
7|2575
7|2579
7|2583
7|2587
7|2594
7|2601
7|2605
7|2613
7|2616
7|2619
7|2625
7|2635
7|2640
7|2652
7|2655
7|2659
7|2664
7|2665
7|2670
7|2672
7|2673
7|2675
7|2683
7|2695
7|2703
7|2710
7|2720
7|2722
7|2725
7|2728
7|2730
7|2731
7|2755
7|2761
7|2770
7|2772
7|2773
7|2779
7|2781
7|2793
7|2798
7|2802
7|2814
7|2815
7|2817
7|2826
7|2830
7|2834
7|2835
7|2842
7|2856
7|2860
7|2868
7|2877
7|2889
7|2890
7|2899
7|2905
7|2906
7|2923
7|2933
7|2941
7|2943
7|2946
7|2955
7|2959
7|2962
7|2975
7|2978
7|2979
7|2989
7|2990
7|2994
7|3007
7|3014
7|3018
7|3024
7|3030
7|3044
7|3050
7|3052
7|3059
7|3064
7|3076
7|3092
7|3094
7|3105
7|3115
7|3117
7|3132
7|3138
7|3156
7|3165
7|3175
7|3187
7|3203
7|3207
7|3216
7|3220
7|3222
7|3226
7|3230
7|3232
7|3237
7|3238
7|3247
7|3251
7|3272
7|3273
7|3275
7|3278
7|3283
7|3300
7|3313
7|3321
7|3323
7|3324
7|3334
7|3336
7|3344
7|3346
7|3352
7|3353
7|3356
7|3366
7|3374
7|3376
7|3379
7|3384
7|3393
7|3394
7|3401
7|3402
7|3403
7|3405
7|3410
7|3415
7|3436
7|3453
7|3461
7|3470
7|3474
7|3492
7|3496
7|3500
7|3515
7|3523
7|3526
7|3528
7|3534
7|3538
7|3545
7|3547
7|3553
7|3561
7|3570
7|3572
7|3585
7|3586
7|3587
7|3591
7|3600
7|3607
7|3617
7|3623
7|3633
7|3640
7|3645
7|3646
7|3660
7|3661
7|3662
7|3672
7|3675
7|3692
7|3696
7|3701
7|3702
7|3711
7|3717
7|3724
7|3727
7|3736
7|3759
7|3772
7|3773
7|3775
7|3809
7|3812
7|3813
7|3817
7|3846
7|3849
7|3867
7|3878
7|3886
7|3894
7|3896
7|3914
7|3920
7|3923
7|3935
7|3940
7|3955
7|3957
7|3974
7|3977
7|3978
7|3995
7|3997
7|3999
7|4000
7|4005
7|4007
7|4019
7|4022
7|4030
7|4042
7|4050
7|4054
7|4057
7|4069
7|4074
7|4079
7|4080
7|4098
7|4099
7|4108
7|4109
7|4113
7|4114
7|4116
7|4125
7|4128
7|4130
7|4141
7|4146
7|4149
7|4160
7|4164
7|4172
7|4175
7|4177
7|4189
7|4192
7|4196
7|4204
7|4207
7|4213
7|4219
7|4220
7|4221
7|4229
7|4233
7|4238
7|4240
7|4241
7|4244
7|4259
7|4267
7|4269
7|4271
7|4277
7|4280
7|4282
7|4285
7|4286
7|4289
7|4291
7|4301
7|4319
7|4327
7|4331
7|4335
7|4341
7|4354
7|4356
7|4358
7|4361
7|4363
7|4367
7|4372
7|4425
7|4439
7|4440
7|4453
7|4455
7|4457
7|4466
7|4470
7|4473
7|4474
7|4486
7|4488
7|4490
7|4511
7|4521
7|4529
7|4539
7|4542
7|4558
7|4562
7|4564
7|4565
7|4566
7|4571
7|4577
7|4585
7|4587
7|4594
7|4601
7|4602
7|4639
7|4647
7|4653
7|4654
7|4665
7|4666
7|4668
7|4669
7|4670
7|4673
7|4678
7|4680
7|4685
7|4687
7|4712
7|4718
7|4721
7|4722
7|4723
7|4725
7|4737
7|4741
7|4757
7|4760
7|4766
7|4788
7|4789
7|4796
7|4805
7|4808
7|4811
7|4819
7|4827
7|4833
7|4852
7|4868
7|4875
7|4884
7|4891
7|4894
7|4896
7|4897
7|4902
7|4903
7|4908
7|4920
7|4935
7|4937
7|4947
7|4953
7|4956
7|4964
7|4971
7|4972
7|4974
7|4975
7|4978
7|4979
7|4984
7|4985
7|4996
7|5003
7|5006
7|5015
7|5017
7|5022
7|5023
7|5036
7|5037
7|5045
7|5052
7|5054
7|5068
7|5082
7|5104
7|5110
7|5111
7|5112
7|5116
7|5124
7|5132
7|5135
7|5145
7|5149
7|5157
7|5159
7|5165
7|5168
7|5180
7|5186
7|5193
7|5195
7|5206
7|5224
7|5226
7|5231
7|5239
7|5258
7|5260
7|5261
7|5263
7|5266
7|5267
7|5295
7|5298
7|5322
7|5331
7|5358
7|5362
7|5374
7|5378
7|5383
7|5393
7|5413
7|5421
7|5427
7|5452
7|5454
7|5456
7|5463
7|5464
7|5467
7|5469
7|5472
7|5477
7|5478
7|5479
7|5493
7|5513
7|5519
7|5523
7|5540
7|5550
7|5553
7|5557
7|5566
7|5575
7|5586
7|5596
7|5599
7|5601
7|5602
7|5604
7|5615
7|5620
7|5622
7|5630
7|5631
7|5640
7|5667
7|5674
7|5675
7|5678
7|5679
7|5691
7|5698
7|5699
7|5708
7|5712
7|5714
7|5772
7|5778
7|5794
7|5798
7|5800
7|5807
7|5843
7|5849
7|5868
7|5879
7|5881
7|5882
7|5890
7|5894
7|5899
7|5914
7|5924
7|5927
7|5962
7|5970
7|5971
7|5977
7|5978
7|5981
7|5982
7|5994
7|6007
7|6010
7|6011
7|6012
7|6018
7|6026
8|48
8|309
8|390
8|563
8|570
8|610
8|649
8|682
8|683
8|684
8|685
8|705
8|783
8|815
8|876
8|985
8|1001
8|1244
8|1262
8|1266
8|1320
8|1406
8|1423
8|1474
8|1530
8|1546
8|1621
8|1704
8|1746
8|1757
8|1775
8|1793
8|1879
8|1912
8|2012
8|2030
8|2056
8|2063
8|2175
8|2380
8|2401
8|2430
8|2432
8|2433
8|2434
8|2435
8|2437
8|2469
8|2507
8|2556
8|2674
8|2717
8|2748
8|2786
8|2787
8|2823
8|2845
8|2855
8|2892
8|2904
8|2914
8|2952
8|2971
8|2972
8|2982
8|2984
8|2986
8|3000
8|3041
8|3085
8|3098
8|3250
8|3260
8|3267
8|3285
8|3311
8|3317
8|3337
8|3361
8|3375
8|3399
8|3409
8|3671
8|3679
8|3768
8|3912
8|3916
8|3950
8|3980
8|3992
8|4028
8|4093
8|4247
8|4248
8|4310
8|4379
8|4381
8|4385
8|4389
8|4394
8|4414
8|4485
8|4520
8|4574
8|4586
8|4621
8|4638
8|4640
8|4658
8|4663
8|4768
8|4801
8|4861
8|4877
8|4977
8|5000
8|5029
8|5053
8|5079
8|5083
8|5161
8|5208
8|5232
8|5235
8|5321
8|5372
8|5475
8|5485
8|5497
8|5576
8|5585
8|5654
8|5727
8|5733
8|5818
8|5842
8|5858
8|5874
8|5875
8|5908
8|5950
9|1
9|6
9|45
9|51
9|59
9|67
9|72
9|75
9|78
9|79
9|86
9|88
9|89
9|99
9|119
9|127
9|137
9|156
9|159
9|164
9|168
9|171
9|183
9|187
9|193
9|194
9|210
9|233
9|238
9|294
9|312
9|314
9|315
9|318
9|319
9|325
9|334
9|341
9|347
9|358
9|411
9|421
9|434
9|446
9|447
9|468
9|470
9|484
9|511
9|516
9|568
9|576
9|593
9|594
9|602
9|606
9|629
9|634
9|656
9|657
9|689
9|697
9|703
9|743
9|759
9|771
9|797
9|831
9|841
9|856
9|886
9|887
9|888
9|893
9|900
9|901
9|905
9|907
9|908
9|910
9|918
9|928
9|931
9|942
9|943
9|955
9|986
9|1014
9|1026
9|1028
9|1038
9|1043
9|1045
9|1070
9|1078
9|1088
9|1095
9|1103
9|1107
9|1110
9|1111
9|1140
9|1154
9|1156
9|1167
9|1180
9|1187
9|1195
9|1205
9|1206
9|1212
9|1233
9|1269
9|1271
9|1287
9|1294
9|1336
9|1348
9|1355
9|1364
9|1365
9|1371
9|1375
9|1376
9|1378
9|1379
9|1382
9|1387
9|1398
9|1421
9|1428
9|1434
9|1436
9|1452
9|1455
9|1461
9|1477
9|1479
9|1508
9|1563
9|1568
9|1569
9|1575
9|1576
9|1615
9|1631
9|1633
9|1634
9|1654
9|1657
9|1670
9|1717
9|1766
9|1871
9|1877
9|1883
9|1897
9|1899
9|1918
9|1924
9|1926
9|1929
9|1959
9|1961
9|1963
9|1998
9|2002
9|2016
9|2033
9|2034
9|2038
9|2044
9|2045
9|2049
9|2058
9|2072
9|2112
9|2128
9|2133
9|2137
9|2139
9|2141
9|2142
9|2155
9|2159
9|2162
9|2170
9|2183
9|2202
9|2220
9|2222
9|2230
9|2253
9|2256
9|2259
9|2264
9|2266
9|2267
9|2269
9|2277
9|2285
9|2289
9|2293
9|2308
9|2309
9|2313
9|2317
9|2320
9|2322
9|2329
9|2334
9|2339
9|2343
9|2346
9|2355
9|2356
9|2358
9|2364
9|2366
9|2368
9|2372
9|2375
9|2385
9|2392
9|2406
9|2408
9|2413
9|2418
9|2422
9|2423
9|2441
9|2444
9|2460
9|2482
9|2488
9|2492
9|2497
9|2512
9|2516
9|2519
9|2520
9|2524
9|2531
9|2532
9|2534
9|2535
9|2540
9|2542
9|2546
9|2560
9|2570
9|2580
9|2584
9|2588
9|2597
9|2607
9|2609
9|2612
9|2617
9|2631
9|2657
9|2697
9|2699
9|2715
9|2716
9|2724
9|2738
9|2753
9|2810
9|2858
9|2878
9|2884
9|2942
9|3021
9|3039
9|3049
9|3083
9|3087
9|3093
9|3096
9|3143
9|3171
9|3210
9|3214
9|3215
9|3229
9|3234
9|3241
9|3292
9|3304
9|3319
9|3382
9|3390
9|3407
9|3430
9|3431
9|3477
9|3483
9|3529
9|3551
9|3577
9|3589
9|3592
9|3604
9|3629
9|3656
9|3667
9|3668
9|3682
9|3687
9|3699
9|3755
9|3765
9|3779
9|3781
9|3836
9|3843
9|3858
9|3865
9|3873
9|3891
9|3945
9|3948
9|3952
9|3959
9|3962
9|3979
9|3981
9|4015
9|4018
9|4025
9|4029
9|4065
9|4086
9|4110
9|4134
9|4145
9|4147
9|4158
9|4159
9|4168
9|4178
9|4187
9|4191
9|4195
9|4197
9|4222
9|4224
9|4231
9|4234
9|4250
9|4256
9|4268
9|4274
9|4275
9|4276
9|4278
9|4293
9|4305
9|4322
9|4326
9|4330
9|4365
9|4408
9|4418
9|4419
9|4464
9|4467
9|4469
9|4472
9|4493
9|4537
9|4549
9|4572
9|4575
9|4580
9|4584
9|4593
9|4606
9|4614
9|4628
9|4645
9|4651
9|4664
9|4690
9|4691
9|4724
9|4727
9|4755
9|4758
9|4759
9|4781
9|4792
9|4809
9|4815
9|4816
9|4834
9|4836
9|4839
9|4840
9|4850
9|4854
9|4869
9|4880
9|4883
9|4888
9|4905
9|4907
9|4912
9|4940
9|4943
9|4968
9|4973
9|4983
9|4987
9|4991
9|4999
9|5004
9|5009
9|5018
9|5020
9|5024
9|5033
9|5041
9|5051
9|5063
9|5069
9|5080
9|5107
9|5109
9|5114
9|5130
9|5144
9|5169
9|5189
9|5197
9|5203
9|5215
9|5221
9|5238
9|5245
9|5247
9|5248
9|5249
9|5253
9|5296
9|5302
9|5303
9|5310
9|5325
9|5334
9|5340
9|5344
9|5349
9|5351
9|5354
9|5361
9|5405
9|5410
9|5411
9|5420
9|5423
9|5430
9|5440
9|5446
9|5459
9|5498
9|5514
9|5516
9|5524
9|5525
9|5533
9|5537
9|5549
9|5584
9|5590
9|5594
9|5600
9|5609
9|5687
9|5713
9|5751
9|5752
9|5756
9|5758
9|5764
9|5768
9|5783
9|5806
9|5838
9|5840
9|5844
9|5857
9|5861
9|5864
9|5867
9|5904
9|5910
9|5917
9|5926
9|5939
9|5943
9|5946
9|5947
9|5952
9|5960
9|5961
9|5986
9|5989
9|5993
9|6003
9|6006
9|6037
9|6038
9|6039
10|18
10|34
10|101
10|176
10|249
10|268
10|305
10|378
10|400
10|430
10|500
10|528
10|531
10|561
10|601
10|619
10|666
10|695
10|746
10|842
10|845
10|855
10|967
10|1094
10|1114
10|1146
10|1174
10|1196
10|1240
10|1254
10|1257
10|1265
10|1277
10|1283
10|1347
10|1401
10|1433
10|1476
10|1535
10|1555
10|1596
10|1605
10|1638
10|1645
10|1659
10|1678
10|1731
10|1865
10|1962
10|2035
10|2099
10|2106
10|2147
10|2148
10|2157
10|2160
10|2188
10|2252
10|2299
10|2396
10|2480
10|2557
10|2630
10|2684
10|2712
10|2885
10|2926
10|2968
10|2988
10|3034
10|3174
10|3179
10|3197
10|3269
10|3308
10|3350
10|3351
10|3417
10|3418
10|3448
10|3486
10|3502
10|3518
10|3569
10|3580
10|3590
10|3707
10|3752
10|3766
10|3788
10|3831
10|3907
10|3967
10|4173
10|4249
10|4298
10|4338
10|4347
10|4402
10|4517
10|4555
10|4590
10|4620
10|4699
10|4705
10|4754
10|4828
10|4859
10|4918
10|5042
10|5043
10|5061
10|5183
10|5246
10|5320
10|5357
10|5377
10|5401
10|5419
10|5455
10|5458
10|5506
10|5569
10|5578
10|5605
10|5683
10|5700
10|5754
10|5851
10|5883
10|5898
10|5913
10|5931
10|5944
10|6031
11|219
11|1184
11|1229
11|1444
11|1701
11|1859
11|2075
11|2182
11|2238
11|2311
11|2431
11|2663
11|2668
11|2681
11|2711
11|2718
11|2843
11|2911
11|2925
11|2966
11|3047
11|3088
11|3136
11|3140
11|3153
11|3154
11|3249
11|3266
11|3299
11|3462
11|3539
11|3544
11|3776
11|4123
11|4458
11|4568
11|4588
11|4597
11|4609
11|4610
11|4630
11|4771
11|4874
11|4990
11|5031
11|5152
11|5191
11|5241
11|5276
11|5328
11|5505
11|5572
11|5672
11|5693
11|5744
11|5825
11|5829
11|5860
11|5871
